image: submap_0.pgm
resolution: 0.025000
origin: [-11.817027, -4.011499, 0.000000]
negate: 0
occupied_thresh: 0.65
free_thresh: 0.196

