image: submap_0.pgm
resolution: 0.025000
origin: [-14.702802, -4.742661, 0.000000]
negate: 0
occupied_thresh: 0.65
free_thresh: 0.196

