image: submap_0.pgm
resolution: 0.025000
origin: [-6.038044, -2.772983, 0.000000]
negate: 0
occupied_thresh: 0.65
free_thresh: 0.196

