image: submap_0.pgm
resolution: 0.025000
origin: [-1.828209, -4.529908, 0.000000]
negate: 0
occupied_thresh: 0.65
free_thresh: 0.196

