image: submap_0.pgm
resolution: 0.025000
origin: [-14.982695, -3.772875, 0.000000]
negate: 0
occupied_thresh: 0.65
free_thresh: 0.196

